COO
0 0.953029719973 0.204298246323
1 0.95527897166 0.154701201254
2 0.795160486692 0.264723816381
3 0.876503400835 0.287321053766
4 0.876335793787 0.300903088444
5 -1.14822954503 1.85615759804
6 0.822134240046 0.374220036905
7 0.900797351244 0.276649669394
8 0.917811299657 0.27600033589
9 0.899944112722 0.372685466883
CSR
0 -0.00482908528207 5.32699465497
1 -0.106337771727 2.73009201139
2 -0.27075113663 2.70054295678
3 -0.00445208716715 5.66094651912
4 -0.00293214322026 3.33870241183
5 -0.0431044749512 2.08324254728
6 -5.16201324416e-05 6.47954370254
7 -0.00109359289068 6.48737994328
8 -0.0650965392965 9.9635082463
9 -0.124493710372 8.73112373931
ELL
0 0.933366763719 0.177987450898
1 0.923660825839 0.249466481855
2 0.941755132309 0.161320532596
3 0.821144901006 1.57221887132
4 0.983742003203 0.185792124728
5 0.968310066895 0.237205838923
6 0.811108301858 0.262324475991
7 0.990097615829 0.163604499938
8 0.957130629458 0.230720540427
9 0.748143786006 2.23313983251
