COO
0 0.878617769413 0.20339340201
1 0.962823769204 0.116810405928
2 0.0616680366 3.7873961127
3 0.861139111931 0.338366020574
4 0.908233379074 0.228450601124
5 0.890307225997 0.185445528225
6 0.436140626163 1.30004922409
7 0.849300799678 0.414632839962
8 0.898156266982 0.39925521684
9 0.801525762903 0.469146569429
ELL
0 0.812429445638 0.316426215602
1 0.885771528739 0.139764504685
2 0.951752634541 0.141877028289
3 0.586922253253 2.85455647051
4 0.880312936959 0.450408414185
5 0.546606070921 0.558206636744
6 0.575106964529 1.12244301854
7 0.678610571296 0.620503471763
8 0.708838158687 0.739240197079
9 0.64616421137 1.81590709387
CSR
0 0.693419523064 1.02839630103
1 0.627447885582 0.603380502285
2 0.266774959089 1.19562913529
3 0.516183131348 1.7158425525
4 0.600806725913 1.21224757788
5 0.639829826786 0.700914431215
6 0.605461804478 2.48316749804
7 0.722410273873 2.50606413044
8 0.765641924291 2.22746599272
9 0.697539780342 1.70893091805
