COO
0 0.870337599346 0.128268605573
1 0.485518904636 0.207656262934
2 0.895305330512 0.215796706832
3 0.616932074782 0.287267209897
4 0.493090484505 1.17807404345
5 0.0520629898493 25.308977368
6 0.748823343654 0.129461697357
7 0.39413862768 0.122097138035
8 0.895649737403 0.127774519445
9 0.842329105103 0.13085775306
ELL
0 0.986045549121 0.116921241144
1 0.847599580776 0.198609805187
2 0.989751756253 0.0898280168106
3 0.991246631857 0.0790788549755
4 0.943130287991 0.128657181424
5 0.984519893438 0.10288296995
6 0.968928109174 0.109654768606
7 0.979867323691 0.133823678397
8 0.987602345732 0.114000627102
9 0.983848733198 0.131806262041
CSR
0 0.983966986934 0.147319429186
1 0.919083687285 0.209987368017
2 0.976011415972 0.217807215423
3 0.959598365563 0.200027185969
4 0.973533047991 0.207828319593
5 0.921435473223 0.530133000955
6 0.951729099274 0.262261467205
7 0.980938939042 0.15235121203
8 0.92895915296 0.245773311669
9 0.900615172474 0.358078677402
